1.13475 -47.9082 49.9721 0.705582 -0.0497724 0.705499 -0.044124
1.13488 -47.79 49.9721 0.705537 -0.0500992 0.705521 -0.0441293
1.13499 -47.6801 49.9722 0.705499 -0.0503906 0.705539 -0.0441217
1.13508 -47.5677 49.9722 0.705464 -0.0506707 0.705556 -0.0440968
1.13516 -47.453 49.9722 0.705431 -0.050937 0.705572 -0.0440527
1.13523 -47.3359 49.9723 0.7054 -0.0511873 0.705589 -0.043988
1.13528 -47.2164 49.9723 0.705372 -0.0514202 0.705605 -0.0439014
1.13533 -47.0946 49.9723 0.705347 -0.0516346 0.705622 -0.0437927
1.13536 -46.9705 49.9724 0.705323 -0.0518308 0.705639 -0.0436624
1.13539 -46.844 49.9724 0.705301 -0.0520102 0.705657 -0.0435126
1.13541 -46.7153 49.9724 0.70528 -0.0521747 0.705676 -0.0433457
1.13542 -46.5842 49.9724 0.705261 -0.0523266 0.705695 -0.0431644
1.13543 -46.451 49.9725 0.705244 -0.0524682 0.705714 -0.0429716
1.13542 -46.3154 49.9725 0.705229 -0.0526019 0.705731 -0.04277
1.13542 -46.1777 49.9725 0.705214 -0.0527304 0.705749 -0.0425628
1.13541 -46.0378 49.9725 0.705199 -0.0528564 0.705766 -0.0423532
1.13539 -45.8957 49.9725 0.705185 -0.0529821 0.705784 -0.042144
1.13537 -45.7514 49.9725 0.705171 -0.0531095 0.705801 -0.0419372
1.13534 -45.605 49.9725 0.705157 -0.0532402 0.705817 -0.0417349
1.13531 -45.4565 49.9725 0.705143 -0.0533754 0.705832 -0.0415388
1.13528 -45.3059 49.9725 0.705129 -0.0535162 0.705847 -0.0413501
1.13524 -45.1532 49.9725 0.705114 -0.0536631 0.705861 -0.04117
1.1352 -44.9829 49.9725 0.705097 -0.0538317 0.705876 -0.0409821
1.13516 -44.8417 49.9725 0.705083 -0.0539747 0.705887 -0.040836
1.13511 -44.683 49.9725 0.705068 -0.0541387 0.705898 -0.0406819
1.13506 -44.5222 49.9725 0.705053 -0.0543073 0.705909 -0.0405359
1.13501 -44.3594 49.9725 0.705038 -0.0544793 0.705919 -0.0403971
1.13496 -44.1946 49.9725 0.705022 -0.0546536 0.705929 -0.0402646
1.13491 -44.0279 49.9725 0.705007 -0.054829 0.705938 -0.0401375
1.13485 -43.8592 49.9725 0.704992 -0.0550045 0.705946 -0.0400147
1.13479 -43.6714 49.9724 0.704976 -0.0551963 0.705955 -0.0398834
1.13474 -43.516 49.9724 0.704962 -0.0553514 0.705962 -0.0397783
1.13468 -43.3416 49.9724 0.704948 -0.055521 0.70597 -0.0396631
1.13461 -43.1652 49.9724 0.704933 -0.0556868 0.705978 -0.0395491
1.13455 -42.987 49.9724 0.704918 -0.0558482 0.705986 -0.0394355
1.13449 -42.8069 49.9724 0.704904 -0.0560046 0.705994 -0.0393219
1.13442 -42.625 49.9723 0.704891 -0.0561558 0.706001 -0.0392078
1.13436 -42.4412 49.9723 0.704878 -0.0563017 0.706009 -0.0390933
1.13429 -42.2556 49.9723 0.704865 -0.0564422 0.706017 -0.0389784
1.13422 -42.0682 49.9723 0.704853 -0.0565776 0.706025 -0.0388633
1.13416 -41.879 49.9723 0.704841 -0.056708 0.706033 -0.038748
1.13409 -41.688 49.9723 0.70483 -0.0568337 0.70604 -0.0386327
1.13402 -41.4952 49.9722 0.70482 -0.0569552 0.706047 -0.0385178
1.13395 -41.3007 49.9722 0.704809 -0.0570729 0.706054 -0.0384038
1.13388 -41.1044 49.9722 0.704799 -0.0571873 0.706061 -0.0382909
1.13381 -40.9064 49.9722 0.70479 -0.0572987 0.706067 -0.0381795
1.13374 -40.7067 49.9722 0.70478 -0.0574077 0.706074 -0.0380698
1.13367 -40.5053 49.9722 0.704771 -0.0575146 0.70608 -0.0379623
1.1336 -40.3022 49.9722 0.704762 -0.0576192 0.706086 -0.0378565
1.13353 -40.0974 49.9721 0.704752 -0.0577175 0.706093 -0.0377486
1.13346 -39.891 49.9721 0.704744 -0.0578069 0.7061 -0.0376355
1.13339 -39.6829 49.9721 0.704737 -0.0578889 0.706107 -0.0375187
1.13332 -39.4732 49.9721 0.70473 -0.0579655 0.706114 -0.0374
1.13326 -39.2618 49.9721 0.704723 -0.0580375 0.706121 -0.0372802
1.13319 -39.0489 49.9721 0.704717 -0.0581051 0.706129 -0.0371594
1.13312 -38.8344 49.972 0.70471 -0.0581688 0.706136 -0.0370378
1.13305 -38.6183 49.972 0.704705 -0.058229 0.706143 -0.0369157
1.13298 -38.4006 49.972 0.7047 -0.0582861 0.70615 -0.0367934
1.13291 -38.1815 49.972 0.704695 -0.0583406 0.706156 -0.036671
1.13285 -37.9607 49.972 0.704691 -0.0583928 0.706163 -0.0365489
1.13278 -37.7385 49.972 0.704686 -0.0584429 0.706169 -0.0364272
1.13271 -37.5148 49.9719 0.704682 -0.0584912 0.706176 -0.036306
1.13265 -37.2896 49.9719 0.704678 -0.058538 0.706182 -0.0361854
1.13258 -37.0629 49.9719 0.704674 -0.0585833 0.706189 -0.0360654
1.13252 -36.8348 49.9719 0.70467 -0.0586274 0.706195 -0.0359461
1.13246 -36.6052 49.9718 0.704666 -0.0586705 0.706201 -0.0358275
1.13239 -36.3742 49.9718 0.704662 -0.0587127 0.706207 -0.0357097
1.13233 -36.1418 49.9718 0.704659 -0.0587541 0.706213 -0.0355927
1.13227 -35.908 49.9718 0.704655 -0.0587947 0.706219 -0.0354764
1.13221 -35.6728 49.9717 0.704652 -0.0588347 0.706225 -0.0353608
1.13214 -35.4362 49.9717 0.704648 -0.0588743 0.706231 -0.0352461
1.13208 -35.1983 49.9717 0.704645 -0.0589133 0.706237 -0.0351321
1.13202 -34.959 49.9717 0.704642 -0.0589519 0.706243 -0.0350187
1.13196 -34.7184 49.9716 0.704638 -0.0589903 0.706248 -0.0349062
1.13191 -34.4765 49.9716 0.704635 -0.0590284 0.706254 -0.0347944
1.13185 -34.2333 49.9716 0.704632 -0.0590664 0.70626 -0.0346834
1.13179 -33.9888 49.9716 0.704628 -0.0591041 0.706265 -0.0345731
1.13173 -33.743 49.9715 0.704625 -0.0591418 0.70627 -0.0344636
1.13168 -33.496 49.9715 0.704622 -0.0591794 0.706276 -0.0343547
1.13162 -33.2477 49.9715 0.704619 -0.0592169 0.706281 -0.0342464
1.13156 -32.9982 49.9715 0.704616 -0.0592543 0.706286 -0.0341388
1.13151 -32.7474 49.9714 0.704613 -0.0592916 0.706291 -0.0340317
1.13146 -32.4954 49.9714 0.704609 -0.0593289 0.706296 -0.0339252
1.1314 -32.2423 49.9714 0.704606 -0.0593662 0.706302 -0.0338193
1.13135 -31.9879 49.9714 0.704603 -0.0594035 0.706306 -0.0337141
1.1313 -31.7323 49.9713 0.7046 -0.0594408 0.706311 -0.0336095
1.13124 -31.4756 49.9713 0.704597 -0.0594782 0.706316 -0.0335055
1.13119 -31.2178 49.9713 0.704594 -0.0595157 0.706321 -0.0334021
1.13114 -30.9588 49.9713 0.704591 -0.0595532 0.706326 -0.0332993
1.13109 -30.6986 49.9712 0.704588 -0.0595909 0.70633 -0.0331971
1.13104 -30.4374 49.9712 0.704585 -0.0596285 0.706335 -0.0330955
1.13099 -30.175 49.9712 0.704582 -0.0596662 0.70634 -0.0329945
1.13094 -29.9115 49.9712 0.704579 -0.059704 0.706344 -0.032894
1.13089 -29.647 49.9711 0.704576 -0.0597419 0.706348 -0.0327941
1.13084 -29.3813 49.9711 0.704573 -0.0597798 0.706353 -0.0326949
1.1308 -29.1146 49.9711 0.704569 -0.0598179 0.706358 -0.0325964
1.13075 -28.8469 49.9711 0.704566 -0.0598559 0.706363 -0.0324985
1.1307 -28.5781 49.9711 0.704563 -0.0598939 0.706367 -0.0324012
1.13065 -28.3083 49.971 0.704559 -0.0599319 0.706371 -0.0323044
1.13061 -28.0374 49.971 0.704556 -0.0599699 0.706376 -0.0322083
1.13056 -27.7656 49.971 0.704553 -0.0600079 0.70638 -0.0321128
1.13052 -27.4927 49.971 0.704549 -0.0600458 0.706385 -0.032018
1.13047 -27.2189 49.971 0.704546 -0.0600836 0.706389 -0.0319238
1.13043 -26.944 49.971 0.704543 -0.0601213 0.706394 -0.0318303
1.13038 -26.6682 49.9709 0.70454 -0.0601589 0.706398 -0.0317375
1.13034 -26.3914 49.9709 0.704536 -0.0601964 0.706402 -0.0316453
1.1303 -26.1137 49.9709 0.704533 -0.0602338 0.706406 -0.0315539
1.13025 -25.835 49.9709 0.70453 -0.060271 0.70641 -0.0314631
1.13021 -25.5554 49.9709 0.704527 -0.0603081 0.706414 -0.0313731
1.13017 -25.2749 49.9709 0.704524 -0.0603449 0.706418 -0.0312839
1.13013 -24.9935 49.9708 0.70452 -0.0603816 0.706422 -0.0311953
1.13009 -24.7111 49.9708 0.704517 -0.0604181 0.706426 -0.0311075
1.13005 -24.4279 49.9708 0.704514 -0.0604543 0.706429 -0.0310204
1.13001 -24.1437 49.9708 0.704511 -0.0604903 0.706433 -0.0309341
1.12997 -23.8587 49.9708 0.704508 -0.0605261 0.706437 -0.0308487
1.12993 -23.5728 49.9708 0.704505 -0.0605616 0.706441 -0.0307639
1.12989 -23.2861 49.9707 0.704502 -0.0605968 0.706444 -0.0306799
1.12985 -22.9985 49.9707 0.704499 -0.0606316 0.706448 -0.0305967
1.12981 -22.71 49.9707 0.704496 -0.0606662 0.706451 -0.0305142
1.12977 -22.4207 49.9707 0.704493 -0.0607005 0.706455 -0.0304325
1.12974 -22.1306 49.9707 0.704491 -0.0607345 0.706458 -0.0303516
1.1297 -21.8397 49.9707 0.704488 -0.0607682 0.706462 -0.0302715
1.12966 -21.548 49.9707 0.704485 -0.0608016 0.706465 -0.0301921
1.12963 -21.2554 49.9707 0.704482 -0.0608346 0.706468 -0.0301136
1.12959 -20.9621 49.9706 0.704479 -0.0608674 0.706472 -0.0300359
1.12955 -20.668 49.9706 0.704476 -0.0608998 0.706475 -0.0299589
1.12952 -20.3731 49.9706 0.704474 -0.0609318 0.706478 -0.0298827
1.12948 -20.0774 49.9706 0.704471 -0.0609635 0.706481 -0.0298073
1.12945 -19.7809 49.9706 0.704468 -0.0609949 0.706484 -0.0297327
1.12941 -19.4837 49.9706 0.704465 -0.0610259 0.706488 -0.0296589
1.12938 -19.1858 49.9706 0.704463 -0.0610566 0.706491 -0.0295859
1.12935 -18.8871 49.9706 0.70446 -0.0610869 0.706494 -0.0295136
1.12931 -18.5577 49.9705 0.704457 -0.0611198 0.706497 -0.029435
1.12928 -18.2575 49.9705 0.704454 -0.0611493 0.7065 -0.0293644
1.12924 -17.9566 49.9705 0.704452 -0.0611785 0.706503 -0.0292945
1.12921 -17.6549 49.9705 0.704449 -0.0612073 0.706506 -0.0292254
1.12918 -17.3526 49.9705 0.704447 -0.0612358 0.706509 -0.0291571
1.12915 -17.0495 49.9705 0.704445 -0.0612639 0.706511 -0.0290895
1.12912 -16.7458 49.9705 0.704442 -0.0612917 0.706514 -0.0290227
1.12909 -16.4414 49.9705 0.70444 -0.0613191 0.706517 -0.0289565
1.12906 -16.1363 49.9705 0.704438 -0.0613462 0.706519 -0.0288912
1.12903 -15.8305 49.9704 0.704435 -0.0613729 0.706522 -0.0288266
1.129 -15.5241 49.9704 0.704433 -0.0613994 0.706525 -0.0287627
1.12897 -15.217 49.9704 0.70443 -0.0614254 0.706528 -0.0286996
1.12894 -14.9092 49.9704 0.704428 -0.0614511 0.70653 -0.0286371
1.12891 -14.6009 49.9704 0.704426 -0.0614764 0.706533 -0.0285753
1.12888 -14.2919 49.9704 0.704424 -0.0615015 0.706535 -0.0285142
1.12885 -13.9822 49.9704 0.704422 -0.0615262 0.706537 -0.0284537
1.12882 -13.6719 49.9704 0.70442 -0.0615506 0.70654 -0.0283939
1.12879 -13.3611 49.9704 0.704418 -0.0615746 0.706542 -0.0283348
1.12877 -13.0496 49.9704 0.704415 -0.0615984 0.706544 -0.0282763
1.12874 -12.7375 49.9703 0.704413 -0.0616219 0.706547 -0.0282185
1.12871 -12.4248 49.9703 0.704411 -0.061645 0.706549 -0.0281613
1.12869 -12.1115 49.9703 0.704409 -0.0616678 0.706551 -0.0281046
1.12866 -11.7976 49.9703 0.704408 -0.0616904 0.706553 -0.0280486
1.12863 -11.4831 49.9703 0.704406 -0.0617129 0.706555 -0.0279932
1.12861 -11.1681 49.9703 0.704404 -0.061735 0.706558 -0.0279385
1.12858 -10.8525 49.9703 0.704402 -0.0617568 0.70656 -0.0278843
1.12856 -10.5363 49.9703 0.7044 -0.0617784 0.706562 -0.0278306
1.12853 -10.2196 49.9703 0.704398 -0.0617998 0.706564 -0.0277775
1.12851 -9.90228 49.9703 0.704396 -0.0618209 0.706566 -0.027725
1.12848 -9.58445 49.9703 0.704394 -0.0618418 0.706568 -0.027673
1.12846 -9.26608 49.9702 0.704393 -0.0618625 0.70657 -0.0276215
1.12843 -8.94717 49.9702 0.704391 -0.061883 0.706572 -0.0275706
1.12841 -8.62772 49.9702 0.704389 -0.0619032 0.706574 -0.0275202
1.12839 -8.30776 49.9702 0.704387 -0.0619232 0.706576 -0.0274703
1.12836 -7.98727 49.9702 0.704385 -0.0619431 0.706578 -0.0274209
1.12834 -7.66627 49.9702 0.704384 -0.0619627 0.70658 -0.027372
1.12832 -7.34475 49.9702 0.704382 -0.0619821 0.706582 -0.0273236
1.1283 -7.02273 49.9702 0.70438 -0.0620014 0.706583 -0.0272756
1.12827 -6.70022 49.9702 0.704379 -0.0620205 0.706585 -0.0272281
1.12825 -6.3772 49.9702 0.704377 -0.0620394 0.706587 -0.0271811
1.12823 -6.0537 49.9702 0.704375 -0.0620581 0.706589 -0.0271346
1.12821 -5.72971 49.9702 0.704374 -0.0620766 0.706591 -0.0270885
1.12819 -5.40524 49.9701 0.704372 -0.062095 0.706593 -0.0270428
1.12816 -5.0803 49.9701 0.70437 -0.0621132 0.706594 -0.0269976
1.12814 -4.75488 49.9701 0.704369 -0.0621312 0.706596 -0.0269528
1.12812 -4.429 49.9701 0.704367 -0.0621491 0.706598 -0.0269084
1.1281 -4.10266 49.9701 0.704366 -0.0621667 0.706599 -0.0268644
1.12808 -3.77586 49.9701 0.704364 -0.0621843 0.706601 -0.0268209
1.12806 -3.44861 49.9701 0.704363 -0.0622017 0.706603 -0.0267778
1.12804 -3.12091 49.9701 0.704361 -0.062219 0.706604 -0.0267351
1.12802 -2.79277 49.9701 0.70436 -0.0622361 0.706606 -0.0266928
1.128 -2.46419 49.9701 0.704358 -0.0622531 0.706607 -0.0266509
1.12798 -2.13517 49.9701 0.704357 -0.0622699 0.706609 -0.0266094
1.12796 -1.80572 49.9701 0.704355 -0.0622865 0.70661 -0.0265682
1.12795 -1.47585 49.9701 0.704354 -0.0623031 0.706612 -0.0265274
1.12793 -1.14556 49.9701 0.704353 -0.0623195 0.706613 -0.0264871
1.12791 -0.814852 49.9701 0.704351 -0.0623358 0.706615 -0.026447
1.12789 -0.48373 49.97 0.70435 -0.062352 0.706616 -0.0264074
1.12787 -0.152198 49.97 0.704348 -0.062368 0.706618 -0.0263681
1.12785 0.179738 49.97 0.704347 -0.0623839 0.706619 -0.0263292
1.12784 0.512075 49.97 0.704345 -0.0623997 0.706621 -0.0262906
1.12782 0.844808 49.97 0.704344 -0.0624154 0.706622 -0.0262524
1.1278 1.17793 49.97 0.704342 -0.0624309 0.706624 -0.0262146
1.12778 1.51145 49.97 0.704341 -0.0624463 0.706625 -0.0261771
1.12777 1.84535 49.97 0.70434 -0.0624616 0.706626 -0.0261399
1.12775 2.17963 49.97 0.704339 -0.0624768 0.706627 -0.0261031
1.12773 2.51429 49.97 0.704337 -0.0624918 0.706629 -0.0260666
1.12772 2.84932 49.97 0.704336 -0.0625067 0.70663 -0.0260305
1.1277 3.18472 49.97 0.704335 -0.0625216 0.706631 -0.0259947
1.12768 3.52049 49.97 0.704333 -0.0625362 0.706633 -0.0259592
1.12767 3.85662 49.97 0.704332 -0.0625508 0.706634 -0.0259241
1.12765 4.19311 49.97 0.704331 -0.0625652 0.706636 -0.0258893
1.12764 4.52996 49.97 0.704329 -0.0625795 0.706637 -0.0258548
1.12762 4.86715 49.97 0.704328 -0.0625937 0.706638 -0.0258206
1.12761 5.2047 49.97 0.704327 -0.0626078 0.706639 -0.0257868
1.12759 5.54258 49.97 0.704326 -0.0626217 0.70664 -0.0257532
1.12758 5.88081 49.9699 0.704325 -0.0626355 0.706641 -0.0257201
1.12756 6.21938 49.9699 0.704323 -0.0626492 0.706643 -0.0256872
1.12755 6.55828 49.9699 0.704322 -0.0626628 0.706644 -0.0256547
1.12753 6.89752 49.9699 0.704321 -0.0626763 0.706645 -0.0256224
1.12752 7.23708 49.9699 0.70432 -0.0626896 0.706646 -0.0255905
1.1275 7.57696 49.9699 0.704319 -0.0627028 0.706647 -0.0255588
1.12749 7.91717 49.9699 0.704317 -0.0627159 0.706648 -0.0255275
1.12747 8.25769 49.9699 0.704316 -0.0627289 0.70665 -0.0254965
1.12746 8.59853 49.9699 0.704315 -0.0627417 0.706651 -0.0254657
1.12745 8.93968 49.9699 0.704314 -0.0627545 0.706652 -0.0254353
1.12743 9.28114 49.9699 0.704313 -0.0627671 0.706653 -0.0254052
1.12742 9.62291 49.9699 0.704312 -0.0627795 0.706654 -0.0253754
1.12741 9.96497 49.9699 0.704311 -0.0627919 0.706655 -0.0253459
1.12739 10.3073 49.9699 0.70431 -0.0628041 0.706656 -0.0253166
1.12738 10.65 49.9699 0.704309 -0.0628163 0.706657 -0.0252876
1.12737 10.993 49.9699 0.704308 -0.0628283 0.706658 -0.0252589
1.12735 11.3362 49.9699 0.704306 -0.0628402 0.706659 -0.0252306
1.12734 11.6797 49.9699 0.704305 -0.062852 0.70666 -0.0252025
1.12733 12.058 49.9699 0.704304 -0.0628648 0.706661 -0.0251719
1.12732 12.3677 49.9699 0.704303 -0.0628752 0.706662 -0.0251471
1.1273 12.712 49.9699 0.704302 -0.0628866 0.706663 -0.0251198
1.12729 13.0567 49.9699 0.704301 -0.0628979 0.706664 -0.0250928
1.12728 13.4016 49.9699 0.7043 -0.0629092 0.706665 -0.025066
1.12727 13.7468 49.9699 0.704299 -0.0629203 0.706666 -0.0250395
1.12726 14.0923 49.9699 0.704298 -0.0629313 0.706667 -0.0250133
1.12724 14.438 49.9698 0.704297 -0.0629422 0.706668 -0.0249874
1.12723 14.784 49.9698 0.704296 -0.062953 0.706669 -0.0249617
1.12722 15.1303 49.9698 0.704295 -0.0629636 0.70667 -0.0249362
1.12721 15.4768 49.9698 0.704294 -0.0629742 0.70667 -0.0249111
1.1272 15.8236 49.9698 0.704293 -0.0629847 0.706671 -0.0248861
1.12719 16.1706 49.9698 0.704293 -0.062995 0.706672 -0.0248615
1.12718 16.5179 49.9698 0.704292 -0.0630053 0.706673 -0.0248371
1.12717 16.8654 49.9698 0.704291 -0.0630154 0.706674 -0.0248129
1.12715 17.2131 49.9698 0.70429 -0.0630254 0.706675 -0.024789
1.12714 17.5612 49.9698 0.704289 -0.0630354 0.706676 -0.0247653
1.12713 17.9094 49.9698 0.704288 -0.0630452 0.706676 -0.0247418
1.12712 18.2579 49.9698 0.704287 -0.0630549 0.706677 -0.0247186
1.12711 18.6415 49.9698 0.704286 -0.0630655 0.706678 -0.0246933
1.1271 18.9556 49.9698 0.704285 -0.063074 0.706679 -0.0246729
1.12709 19.3047 49.9698 0.704285 -0.0630835 0.70668 -0.0246504
1.12708 19.6541 49.9698 0.704284 -0.0630928 0.70668 -0.0246281
1.12707 20.0038 49.9698 0.704283 -0.063102 0.706681 -0.024606
1.12706 20.3536 49.9698 0.704282 -0.0631111 0.706682 -0.0245842
1.12705 20.7037 49.9698 0.704281 -0.0631202 0.706683 -0.0245626
1.12704 21.054 49.9698 0.704281 -0.0631291 0.706683 -0.0245412
1.12703 21.4045 49.9698 0.70428 -0.0631379 0.706684 -0.02452
1.12702 21.7553 49.9698 0.704279 -0.0631467 0.706685 -0.0244991
1.12701 22.1062 49.9698 0.704278 -0.0631553 0.706685 -0.0244783
1.12701 22.4574 49.9698 0.704278 -0.0631639 0.706686 -0.0244578
1.127 22.8087 49.9698 0.704277 -0.0631724 0.706687 -0.0244375
1.12699 23.1603 49.9698 0.704276 -0.0631808 0.706688 -0.0244173
1.12698 23.5121 49.9698 0.704275 -0.0631891 0.706688 -0.0243974
1.12697 23.8641 49.9698 0.704275 -0.0631973 0.706689 -0.0243777
1.12696 24.2162 49.9698 0.704274 -0.0632055 0.70669 -0.0243581
1.12695 24.5686 49.9698 0.704273 -0.0632135 0.70669 -0.0243388
1.12694 24.9212 49.9698 0.704272 -0.0632215 0.706691 -0.0243197
1.12693 25.274 49.9698 0.704272 -0.0632294 0.706692 -0.0243007
1.12693 25.6269 49.9697 0.704271 -0.0632373 0.706692 -0.024282
1.12692 25.9801 49.9697 0.70427 -0.063245 0.706693 -0.0242634
1.12691 26.3334 49.9697 0.70427 -0.0632527 0.706693 -0.024245
1.1269 26.6869 49.9697 0.704269 -0.0632603 0.706694 -0.0242268
1.12689 27.0406 49.9697 0.704268 -0.0632678 0.706695 -0.0242088
1.12689 27.3945 49.9697 0.704268 -0.0632752 0.706695 -0.024191
1.12688 27.7486 49.9697 0.704267 -0.0632826 0.706696 -0.0241733
1.12687 28.1029 49.9697 0.704266 -0.0632899 0.706696 -0.0241558
1.12686 28.4573 49.9697 0.704266 -0.0632971 0.706697 -0.0241385
1.12685 28.8119 49.9697 0.704265 -0.0633043 0.706698 -0.0241214
1.12685 29.1667 49.9697 0.704264 -0.0633114 0.706698 -0.0241044
1.12684 29.5216 49.9697 0.704264 -0.0633184 0.706699 -0.0240876
1.12683 29.8768 49.9697 0.704263 -0.0633253 0.706699 -0.0240709
1.12682 30.2321 49.9697 0.704263 -0.0633322 0.7067 -0.0240544
1.12682 30.5875 49.9697 0.704262 -0.0633391 0.7067 -0.0240381
1.12681 30.9431 49.9697 0.704261 -0.0633458 0.706701 -0.024022
1.1268 31.2989 49.9697 0.704261 -0.0633525 0.706702 -0.024006
1.1268 31.6549 49.9697 0.70426 -0.0633592 0.706702 -0.0239901
1.12679 32.011 49.9697 0.704259 -0.0633658 0.706703 -0.0239744
1.12678 32.3673 49.9697 0.704259 -0.0633723 0.706703 -0.0239589
1.12677 32.7237 49.9697 0.704258 -0.0633787 0.706704 -0.0239435
1.12677 33.0803 49.9697 0.704258 -0.0633851 0.706704 -0.0239282
1.12676 33.437 49.9697 0.704257 -0.0633915 0.706705 -0.0239132
1.12675 33.7939 49.9697 0.704256 -0.0633977 0.706705 -0.0238982
1.12675 34.1509 49.9697 0.704256 -0.063404 0.706706 -0.0238834
1.12674 34.5081 49.9697 0.704255 -0.0634101 0.706706 -0.0238688
1.12673 34.8655 49.9697 0.704255 -0.0634162 0.706707 -0.0238543
1.12673 35.223 49.9697 0.704254 -0.0634222 0.706707 -0.0238399
1.12672 35.5806 49.9697 0.704254 -0.0634282 0.706708 -0.0238257
1.12671 35.9384 49.9697 0.704253 -0.0634341 0.706708 -0.0238116
1.12671 36.2963 49.9697 0.704253 -0.06344 0.706709 -0.0237977
1.1267 36.6543 49.9697 0.704252 -0.0634458 0.706709 -0.0237839
1.1267 37.0125 49.9697 0.704252 -0.0634515 0.70671 -0.0237702
1.12669 37.3709 49.9697 0.704251 -0.0634572 0.70671 -0.0237567
1.12668 37.7293 49.9697 0.704251 -0.0634628 0.70671 -0.0237433
1.12668 38.088 49.9697 0.70425 -0.0634684 0.706711 -0.02373
1.12667 38.4467 49.9697 0.70425 -0.0634739 0.706711 -0.0237169
1.12667 38.8056 49.9697 0.704249 -0.0634794 0.706712 -0.0237039
1.12666 39.1646 49.9697 0.704249 -0.063483 0.706712 -0.0236892
1.12665 39.5239 49.9698 0.70442 -0.0612611 0.706809 -0.0214641
1.12664 39.8839 49.9703 0.705235 -0.0496505 0.707163 -0.00991563
1.12665 40.2434 49.9712 0.706144 -0.0333441 0.707255 0.00629339
1.12668 40.6007 49.972 0.706722 -0.0204315 0.706938 0.0191401
1.12673 40.955 49.9723 0.707058 -0.0112269 0.706499 0.028318
1.12676 41.3057 49.9722 0.707187 -0.00343527 0.706096 0.036104
1.12679 41.6525 49.9716 0.70715 0.00359939 0.705737 0.0431449
1.12681 41.9948 49.9705 0.707022 0.00959641 0.705416 0.0491566
1.12684 42.3323 49.9691 0.706853 0.0145803 0.705134 0.0541583
1.12687 42.6646 49.9674 0.706667 0.0187632 0.704886 0.0583564
1.12691 42.9915 49.9656 0.706483 0.0222869 0.704667 0.0618877
1.12698 43.3128 49.9637 0.706315 0.0252449 0.70447 0.0648414
1.12707 43.6283 49.9618 0.706171 0.0277242 0.704291 0.0673006
1.12719 43.9379 49.9599 0.706054 0.0297927 0.704126 0.06933
1.12734 44.2415 49.9581 0.705973 0.0314516 0.703976 0.0709283
1.12752 44.5389 49.9564 0.705935 0.0326712 0.703844 0.0720639
1.12773 44.8302 49.9549 0.705939 0.0334492 0.703733 0.0727332
1.12797 45.1153 49.9535 0.705984 0.0338094 0.703648 0.0729589
1.12823 45.3943 49.9524 0.706062 0.0337912 0.703589 0.0727793
1.1285 45.6673 49.9514 0.706164 0.0334466 0.703558 0.0722458
1.12879 45.9342 49.9507 0.706279 0.0328617 0.703552 0.0714439
1.12907 46.1953 49.9501 0.706381 0.0322701 0.703562 0.0706061
1.12935 46.4506 49.9498 0.706454 0.0318292 0.703581 0.0698887
1.12962 46.7003 49.9497 0.706503 0.0315149 0.703606 0.0692669
1.12988 46.9444 49.9498 0.706539 0.0312632 0.70364 0.0686765
1.13013 47.183 49.95 0.706565 0.0310551 0.703679 0.0680982
1.13037 47.4161 49.9503 0.706581 0.0309005 0.703723 0.0675423
1.1306 47.6439 49.9508 0.706589 0.0308017 0.70377 0.0670115
1.13081 47.8664 49.9514 0.70659 0.0307504 0.703821 0.066498
1.13101 48.0837 49.952 0.706585 0.0307388 0.703873 0.0659946
1.1312 48.2958 49.9527 0.706577 0.0307625 0.703927 0.065498
1.13137 48.5028 49.9535 0.706564 0.0308188 0.703982 0.0650064
1.13155 48.7247 49.9545 0.706548 0.0309152 0.704044 0.0644698
1.13169 48.9018 49.9553 0.706532 0.0310175 0.704096 0.0640318
1.13184 49.0939 49.9561 0.706513 0.031153 0.704153 0.0635444
1.13198 49.2811 49.957 0.706493 0.0313095 0.70421 0.0630558
1.13211 49.4635 49.9579 0.706473 0.0314845 0.704266 0.0625649
1.13224 49.6412 49.9588 0.706453 0.0316758 0.704321 0.0620712
1.13236 49.8141 49.9597 0.706432 0.0318817 0.704376 0.0615745
1.13249 49.9989 49.9607 0.706415 0.032123 0.70443 0.0610241
1.13259 50.146 49.9615 0.706408 0.0323311 0.704466 0.0605707
1.1327 50.3051 49.9623 0.706407 0.0325745 0.7045 0.0600665
1.13281 50.4597 49.9631 0.706407 0.0328353 0.70453 0.0595686
1.13291 50.6098 49.9639 0.706397 0.0331174 0.704567 0.0590846
1.133 50.7555 49.9646 0.706353 0.0334226 0.704636 0.0586214
1.13309 50.8968 49.9653 0.706292 0.0337532 0.704718 0.0581802
1.13317 51.0337 49.966 0.706241 0.0341106 0.704787 0.0577601
1.13327 51.1664 49.9666 0.706205 0.0344937 0.704837 0.0573606
1.13336 51.2947 49.9672 0.706177 0.0348991 0.704875 0.0569809
1.13346 51.4189 49.9678 0.706153 0.0353231 0.704908 0.0566196
1.13356 51.5388 49.9683 0.706128 0.0357621 0.704938 0.056275
1.13367 51.6546 49.9688 0.706105 0.0362121 0.704964 0.0559447
1.13378 51.7662 49.9692 0.706083 0.0366694 0.704988 0.055626
1.1339 51.8738 49.9697 0.706061 0.0371297 0.70501 0.0553163
1.13402 51.9772 49.9701 0.706041 0.0375892 0.705029 0.0550127
1.13414 52.0766 49.9704 0.706021 0.0380444 0.705048 0.0547131
1.13426 52.1719 49.9708 0.706002 0.0384921 0.705066 0.0544151
1.13439 52.2633 49.9711 0.705983 0.0389296 0.705084 0.054117
1.13452 52.3506 49.9714 0.705965 0.0393549 0.705102 0.0538178
1.13465 52.4341 49.9717 0.705947 0.0397664 0.705119 0.0535168
1.13479 52.5136 49.9719 0.70593 0.0401628 0.705137 0.0532135
1.13492 52.5892 49.9721 0.705913 0.0405437 0.705155 0.052908
1.13506 52.6609 49.9723 0.705897 0.0409085 0.705174 0.0526004
1.13519 52.7289 49.9725 0.705881 0.0412583 0.705192 0.0522921
1.13533 52.793 49.9727 0.705865 0.0415933 0.705211 0.0519839
1.13547 52.8534 49.9728 0.70585 0.0419141 0.70523 0.0516767
1.1356 52.91 49.973 0.705835 0.0422218 0.705249 0.0513718
1.13574 52.9629 49.9731 0.70582 0.0425175 0.705268 0.0510707
1.13587 53.0121 49.9732 0.705805 0.0428025 0.705287 0.0507746
1.136 53.0577 49.9733 0.70579 0.0430779 0.705305 0.0504849
1.13614 53.0996 49.9734 0.705776 0.0433448 0.705324 0.0502025
1.13627 53.138 49.9735 0.705761 0.0436046 0.705342 0.0499289
1.1364 53.1728 49.9736 0.705747 0.0438581 0.705359 0.0496649
1.13653 53.204 49.9736 0.705732 0.0441061 0.705376 0.0494111
1.13665 53.2318 49.9737 0.705718 0.0443492 0.705392 0.0491679
1.13678 53.2561 49.9737 0.705704 0.0445877 0.705407 0.0489355
1.1369 53.277 49.9738 0.70569 0.0448217 0.705422 0.0487139
1.13702 53.2944 49.9738 0.705675 0.0450513 0.705436 0.0485026
1.13714 53.3084 49.9739 0.705661 0.0452767 0.70545 0.0483015
1.13726 53.3191 49.9739 0.705647 0.0454979 0.705463 0.0481105
1.13738 53.3265 49.9739 0.705633 0.0457147 0.705475 0.0479289
1.1375 53.3305 49.9739 0.70562 0.0459267 0.705486 0.0477561
1.13761 53.3312 49.974 0.705606 0.0461337 0.705498 0.0475913
1.13772 53.3287 49.974 0.705593 0.0463352 0.705508 0.0474337
1.13783 53.3229 49.974 0.70558 0.046531 0.705518 0.0472827
1.13794 53.314 49.974 0.705567 0.046721 0.705528 0.0471377
1.13805 53.3018 49.974 0.705555 0.0469049 0.705538 0.0469979
1.13816 53.2865 49.974 0.705543 0.0470825 0.705547 0.0468625
1.13826 53.2681 49.974 0.705531 0.0472529 0.705556 0.0467303
1.13837 53.2465 49.974 0.70552 0.0474166 0.705564 0.0466012
1.13847 53.2218 49.974 0.705509 0.0475746 0.705573 0.0464757
1.13857 53.1941 49.974 0.705499 0.0477273 0.705581 0.0463537
1.13867 53.1633 49.974 0.705489 0.0478747 0.705589 0.0462347
1.13877 53.1295 49.974 0.705479 0.048017 0.705597 0.0461183
1.13887 53.0927 49.9739 0.70547 0.0481545 0.705604 0.0460045
1.13897 53.0488 49.9739 0.705459 0.0483009 0.705612 0.0458823
1.13906 53.0103 49.9739 0.705451 0.0484172 0.705619 0.0457844
1.13915 52.9646 49.9739 0.705443 0.0485429 0.705626 0.0456778
1.13925 52.9161 49.9739 0.705434 0.0486653 0.705633 0.0455733
1.13934 52.8647 49.9739 0.705426 0.048785 0.70564 0.045471
1.13943 52.8104 49.9739 0.705417 0.0489021 0.705646 0.0453707
1.13952 52.7533 49.9738 0.705409 0.0490171 0.705653 0.0452723
1.1396 52.6934 49.9738 0.705401 0.0491304 0.705659 0.0451759
1.13969 52.6307 49.9738 0.705393 0.0492421 0.705665 0.0450813
1.13978 52.5652 49.9738 0.705385 0.0493526 0.705671 0.0449884
1.13986 52.497 49.9738 0.705377 0.0494619 0.705677 0.0448969
1.13995 52.426 49.9737 0.70537 0.0495703 0.705683 0.0448068
1.14003 52.3524 49.9737 0.705362 0.0496783 0.705689 0.0447181
1.14011 52.276 49.9737 0.705354 0.0497857 0.705695 0.0446307
1.14019 52.197 49.9737 0.705346 0.0498928 0.7057 0.0445442
1.14027 52.1154 49.9736 0.705339 0.0499996 0.705706 0.0444586
1.14035 52.0311 49.9736 0.705343 0.0499196 0.705725 0.0441888
1.14043 51.944 49.9737 0.705532 0.046897 0.705935 0.0410026
1.1405 51.8541 49.9739 0.706069 0.0375629 0.706442 0.031556
1.14058 51.7622 49.9743 0.706665 0.023985 0.706915 0.0178961
1.14067 51.6696 49.9747 0.707016 0.011419 0.707086 0.00523371
1.14076 51.5774 49.9751 0.707176 0.00184213 0.707021 -0.00446998
1.14084 51.4862 49.9753 0.707216 -0.00586848 0.706866 -0.0123265
1.14091 51.3963 49.9753 0.707154 -0.0126501 0.706684 -0.0192636
1.14097 51.3084 49.9751 0.707019 -0.0185479 0.706497 -0.0253245
1.14101 51.2227 49.9747 0.706846 -0.0235131 0.70632 -0.0304584
1.14105 51.1396 49.9742 0.706658 -0.0276808 0.706156 -0.0347968
1.14107 51.0594 49.9736 0.706473 -0.0312031 0.706004 -0.038488
1.1411 50.9823 49.9729 0.706299 -0.0341765 0.705862 -0.0416257
