464850.658771463 5272208.26922295 508.718894317414 0.00670337315266709 0.961768673473662 0.239566286796365 -0.132529535363593
464850.376942991 5272208.95507202 508.71024961516 0.00410282670253439 0.962411595685869 0.236054060754558 -0.134259330043428
464850.100070488 5272209.64228444 508.70214000507 0.00201300151321689 0.963070604644999 0.232588617916805 -0.13562261282387
464849.828019101 5272210.33092983 508.694492620053 0.000980035099068497 0.963688572797447 0.229673855174645 -0.136210478451696
464849.561126931 5272211.02115792 508.688471750504 0.00111489909753087 0.964130536915572 0.226955496813125 -0.137630909512368
464849.299483601 5272211.71292956 508.684156811466 0.00116400066493926 0.96462780807633 0.224375519344188 -0.138374359284276
464849.060140541 5272212.35809852 508.680221094582 0.0010383006665061 0.965239506956945 0.222556497675878 -0.137040948199754
464848.790119075 5272213.10035602 508.67497640865 -0.000123366004573568 0.966239120764332 0.220819388703841 -0.132743149947036
464848.541907906 5272213.79591993 508.669612574196 -0.00256094878490632 0.967324678555607 0.219533848491873 -0.126812054493886
464848.297684047 5272214.49254227 508.66403985502 -0.00555481144605543 0.96851372928328 0.21800211649559 -0.120105692883539
464848.109626823 5272215.03723463 508.659849158804 -0.00845640557685443 0.969545647419048 0.21632612747002 -0.114510843806702
464847.820335032 5272215.88859069 508.65329078847 -0.0106311392771652 0.97082478966234 0.213901030939044 -0.107854325912115
464847.586927424 5272216.58794562 508.648536289531 -0.0117446327494627 0.971861659136929 0.211533738109554 -0.102958519524104
464847.357344228 5272217.2884232 508.646515376375 -0.011303164500712 0.972553097854765 0.20870268346137 -0.102254096452869
464847.180664761 5272217.8361685 508.647293690954 -0.00893605869822256 0.972956688153736 0.206148198369267 -0.103818833267192
464846.908776552 5272218.69259884 508.650278613372 -0.00430950034101547 0.973577871814355 0.20266308211543 -0.105143857964773
464846.688882751 5272219.39603571 508.65101358197 -0.00127212445114758 0.974100523346509 0.199989776588023 -0.105501854844885
464846.471712483 5272220.10030606 508.64804990266 0.000296100843370911 0.974688331413023 0.197119296657269 -0.105482471609885
464846.256970375 5272220.80535042 508.639344503238 -0.000720447201714584 0.975364317190793 0.194361701936196 -0.104342985040838
464846.090767253 5272221.35616315 508.626952267361 -0.0028939411155061 0.975747337256177 0.192199817800411 -0.104728167079296
464845.834171053 5272222.21660754 508.598392705668 -0.00490904744202475 0.975812351455258 0.189239981104947 -0.109336112753162
464845.627696898 5272222.92311328 508.571812529128 -0.00672190623206291 0.975302512606551 0.187044648931656 -0.117277978265268
464845.449596247 5272223.5461303 508.549355637319 -0.00829616236154177 0.975081288736486 0.185160105122772 -0.121915501545084
464845.228073773 5272224.33886876 508.521301164062 -0.00790210363575653 0.974647682945975 0.184407978796209 -0.126464019556828
464845.035298513 5272225.04850208 508.498529318082 -0.00800378294752668 0.974654122112601 0.18280583928862 -0.128714050629397
464844.847028748 5272225.75955018 508.478453209106 -0.00679760230788783 0.974498469516702 0.182337941372742 -0.130611640554814
464844.676458025 5272226.42266867 508.462597500119 -0.0048997450448836 0.974287049806877 0.180324048218285 -0.134996202580948
464844.486062081 5272227.18574621 508.448144712878 -0.00248774071739488 0.974087049337636 0.177794687956504 -0.139775821919496
464844.313028345 5272227.90080829 508.436717121683 -3.83220837393924e-05 0.973983516210164 0.174918580284763 -0.144081917510374
464844.144815163 5272228.61693163 508.425371032616 0.00234391121568474 0.974071615967628 0.17141581569538 -0.147633367420497
464844.016411893 5272229.17660878 508.414476105327 0.00330302896743365 0.973900824391965 0.168482342311306 -0.152052538872548
464843.820332996 5272230.05202299 508.390005164452 0.00331140874004752 0.973816534755092 0.163460898450102 -0.157958620808191
464843.663415163 5272230.77092386 508.363550409645 0.000678507211425648 0.974033411708367 0.159716507384332 -0.160465229170291
464843.510871629 5272231.49086745 508.33308290345 -0.00302207865322478 0.974766627538829 0.156050510684262 -0.159590497813538
464843.363135863 5272232.21173152 508.300579946595 -0.0074948607215286 0.976045113288281 0.152904680667829 -0.154595997744766
464843.220398486 5272232.93395322 508.267666824512 -0.0104882818092957 0.977550048567491 0.150172984055928 -0.147424466592631
464843.082855192 5272233.6572927 508.235735968399 -0.0117169718648646 0.97918012943738 0.147519649144183 -0.138949414542459
464842.949949238 5272234.3818002 508.204720802311 -0.0119087740683738 0.980628093349186 0.144936349953835 -0.131225676209302
464842.821372876 5272235.10719911 508.173425833144 -0.0110750583468573 0.981888070586456 0.141877527722476 -0.125075685286868
464842.704909527 5272235.78313226 508.142838393647 -0.00998699205693892 0.982911918685398 0.138738302744539 -0.120565763993801
464842.574720105 5272236.56067341 508.105558095763 -0.00904277693535014 0.983774014068279 0.135094255441931 -0.117713463868301
464842.456466083 5272237.28854537 508.06835750437 -0.00891047274760249 0.984447963727071 0.131261485611106 -0.116418351578277
464842.38355195 5272237.74794948 508.043578171097 -0.0101925303861727 0.984861672888347 0.128413094811365 -0.115989976639628
464842.253986655 5272238.58652583 507.996048260998 -0.0103256014734648 0.985421595915167 0.124459923466012 -0.115530895041332
464842.121638935 5272239.47689083 507.94364648139 -0.0103402421783133 0.985924241332625 0.120896296287512 -0.115024150891641
464842.017192182 5272240.20800778 507.899944315915 -0.0110369281379029 0.986349271259483 0.117804482157418 -0.114522509956723
464841.916442072 5272240.94009099 507.85585799488 -0.0115778542324276 0.986679440848927 0.114843278548912 -0.114632698954349
464841.819416321 5272241.67300622 507.811246289999 -0.0117789761101565 0.986883043084981 0.111849222957459 -0.115813929718915
464841.726029378 5272242.40685379 507.766036658172 -0.011730971564971 0.987009100193946 0.108822127828536 -0.117614475874991
464841.636458201 5272243.14156451 507.720378581144 -0.0115401388224965 0.987143144391643 0.105815274355059 -0.119240787441636
464841.550713229 5272243.87724749 507.67432233166 -0.0111627091507875 0.987287427608301 0.102986291464993 -0.120551868427189
464841.474370817 5272244.56269038 507.63100212413 -0.0108822910216608 0.987405186216759 0.100341946398526 -0.121836233392709
464841.390771352 5272245.35147522 507.580605000213 -0.0101821480799823 0.987565414143475 0.0974851000519071 -0.12291270038517
464841.316664693 5272246.09010923 507.533447486582 -0.00999140767521644 0.987788732003298 0.0947288322949491 -0.12328844646608
464841.246551598 5272246.8297888 507.486192838905 -0.00975520987969227 0.988051699979847 0.0917096616831354 -0.123482840917687
464841.194580428 5272247.40776799 507.449097716141 -0.0101592345483928 0.988301181743931 0.0891071637430441 -0.123359140263747
464841.118294017 5272248.31191125 507.390866034787 -0.00953097433953967 0.988664565539024 0.085647622728642 -0.122947232976604
464841.060295693 5272249.0544122 507.343392775964 -0.00974383466267572 0.989118968950775 0.0826343751344324 -0.121327173353561
464841.006616358 5272249.7977995 507.296821231571 -0.0104837956181358 0.989545030060814 0.0793891276964361 -0.119950364380352
464840.960358916 5272250.49033056 507.253632901874 -0.0109403438314643 0.989796441524312 0.0761385116240269 -0.119942654090764
464840.911410531 5272251.28752224 507.204048190284 -0.0111056746659322 0.99013318246446 0.0728162233306656 -0.119208819274723
464840.869934384 5272252.03388374 507.158522696314 -0.0121135349286166 0.990603491409971 0.0696197813224544 -0.117094283065068
464840.835260018 5272252.72920489 507.117590508151 -0.0128230999344199 0.990919308379429 0.0665550542830113 -0.116124575944502
464840.800020854 5272253.52961321 507.072051936812 -0.0119564281214523 0.991155988720793 0.0632008399783513 -0.116071114733664
464840.771200193 5272254.27878096 507.029953745605 -0.0109423005088709 0.991306162790228 0.0600834027021059 -0.116543306943918
464840.746194069 5272255.02866787 506.987628690948 -0.0103822012967359 0.991438546430256 0.0568034720336765 -0.117111844462521
464840.729322763 5272255.614423 506.954464413797 -0.0112487871674472 0.991481249553621 0.0539694135209703 -0.118007198827253
464840.707770282 5272256.53060515 506.902930694068 -0.0113724242709916 0.991417322628373 0.0502591635093148 -0.120151474572449
464840.69466846 5272257.2827181 506.861945360917 -0.0123687051565421 0.991299476795683 0.0468397922797462 -0.122386258609973
464840.685834911 5272258.03561416 506.822875312154 -0.0136487384432849 0.991196147606185 0.0434190056034299 -0.12433301597715
464840.681561728 5272258.78918873 506.786068381809 -0.015128078099675 0.991155801261215 0.0399012271362746 -0.125655127043303
464840.681338834 5272259.3776117 506.758740058684 -0.0167645847258754 0.991085515708862 0.0369269972716626 -0.126904870369764
464840.686576834 5272260.2979931 506.718796314422 -0.016821769412076 0.991027750023957 0.0328726950518052 -0.128453932117051
464840.696024838 5272261.05312096 506.688804349654 -0.0172531082314769 0.990966401752309 0.0290644112962246 -0.129781280816754
464840.710049549 5272261.80875354 506.660568756877 -0.0172145578410713 0.990940802807728 0.0249267221863423 -0.130838231607419
464840.724110531 5272262.39854961 506.639456460496 -0.0182631302122469 0.990977392294734 0.0212320126936062 -0.131070468346443
464840.751274731 5272263.32104088 506.606772326987 -0.0182052073036092 0.991147245510903 0.0165333615827917 -0.130469751658976
464840.778460985 5272264.07767828 506.580688543869 -0.0193693386765349 0.991220309135411 0.0122109335579101 -0.130222964865568
464840.810162422 5272264.83463767 506.555761790887 -0.0207039947340898 0.991143154784262 0.00772554043601734 -0.130946200217201
464840.846375283 5272265.59189686 506.532221446561 -0.0218040406210225 0.991129332457576 0.00302068593583366 -0.131065272331286
464840.877808062 5272266.18202779 506.515215606281 -0.0233306083883153 0.991065463724647 -0.000918854860891099 -0.13131673552989
464840.932881411 5272267.10697661 506.490750437549 -0.0233261454068689 0.991039737192658 -0.00588624407262416 -0.131382960753224
464840.983001145 5272267.86465883 506.471793245302 -0.024144875807952 0.991022790722539 -0.0100601957332608 -0.131109289154266
464841.037460326 5272268.62242401 506.452907708696 -0.0253291940276101 0.991099093620441 -0.0143716562298432 -0.129901786176568
464841.09615563 5272269.38029353 506.433505278055 -0.027039417997023 0.991276161861354 -0.018657535602237 -0.127641439842461
464841.144919134 5272269.97059162 506.4181968406 -0.0300799959285007 0.991459013188141 -0.0223186824235894 -0.12492435882491
464841.226997253 5272270.89580563 506.394983536971 -0.0318527255022193 0.991587751600475 -0.0266166340789277 -0.122599712659961
464841.299484695 5272271.65337577 506.377722251333 -0.0339077635799822 0.991733838780386 -0.0301234788427065 -0.120028465829303
464841.376631255 5272272.41085651 506.361895217757 -0.0352119932182123 0.991716216622109 -0.033318892597467 -0.118949201840151
464841.439928658 5272273.00067833 506.350699086807 -0.0365734005287805 0.991558762894741 -0.0359818084674836 -0.119075251668097
464841.544668946 5272273.92519989 506.334908178883 -0.0361697626944154 0.991438093875852 -0.0387684843218934 -0.119328365872625
464841.635233948 5272274.68205429 506.322535343698 -0.0362416666473719 0.991389362790231 -0.0413006704409758 -0.118860958965195
464841.729698136 5272275.43878017 506.309247453636 -0.0362815058834245 0.991422992846395 -0.0436059272714799 -0.117739647923381
464841.827875781 5272276.19533579 506.294266808468 -0.0363986235257055 0.991383212883587 -0.0461642777558067 -0.117061201417612
464841.929694413 5272276.95173765 506.277835956512 -0.0371281400930365 0.991255153970773 -0.0487982366210454 -0.116847991177804
464842.03547095 5272277.70795237 506.261084967482 -0.0386310651932449 0.990930561926252 -0.0516659076942404 -0.117876614409673
464842.145618464 5272278.46396263 506.245339919023 -0.0400253682207328 0.990414603811735 -0.0548106653189531 -0.120302424840616
464842.260068903 5272279.21962892 506.230835419925 -0.0410758683784225 0.989856625310843 -0.0580426998407893 -0.1229946314291
464842.364108984 5272279.88360242 506.218475855633 -0.041694103956395 0.989381157251418 -0.0612120395502121 -0.125058440679632
464842.501655906 5272280.73019627 506.203094268143 -0.0410334513234175 0.988868601150185 -0.0647352489531374 -0.127532321686467
464842.629046176 5272281.48496848 506.189289828108 -0.0407677626553323 0.98828090554286 -0.0682500649238279 -0.130310283191147
464842.760658443 5272282.23952295 506.174631167565 -0.0407470946660051 0.987751088081882 -0.0717576878298676 -0.132432233639136
464842.896451367 5272282.99365694 506.159086429684 -0.0411835974992038 0.987265827380517 -0.0752651578290536 -0.1339598947471
464843.036754684 5272283.7471873 506.143481081117 -0.0418202035839101 0.986799102998454 -0.0788790995813157 -0.135117314001157
464843.181686751 5272284.49999078 506.128327677926 -0.0424019447096791 0.986474776937416 -0.0823228043832463 -0.135249936893112
464843.331186032 5272285.25204561 506.112881501422 -0.0436200227183811 0.985897266769764 -0.0862749194937972 -0.136603481874714
464843.43508552 5272285.7620022 506.101603934828 -0.0459223163074232 0.985061720103725 -0.0896705470186153 -0.13965579633024
464843.643528636 5272286.75362881 506.078734377564 -0.0468476353422277 0.98399240475248 -0.0945687770314861 -0.143600114425592
464843.807320551 5272287.50280596 506.063491578764 -0.0486925766060866 0.983449401049902 -0.0987109501792948 -0.143918229813848
464843.976430457 5272288.2509352 506.051031772956 -0.0506342855292142 0.983192475124982 -0.102414152125546 -0.142408101704094
464844.15055725 5272288.99779669 506.040389460085 -0.0516178342948667 0.983014490536325 -0.106590241935892 -0.140202107339252
464844.289324572 5272289.57849466 506.033165671774 -0.0527796332757783 0.982678001954102 -0.110188376185604 -0.139344094027514
464844.512554297 5272290.48737521 506.022925169826 -0.0531343306906891 0.981772084620772 -0.115537819513555 -0.141249173532056
464844.70064328 5272291.22991787 506.015130558006 -0.0544986065044543 0.98032576744943 -0.120556019486218 -0.146483916282294
464844.894470582 5272291.97085063 506.010077182858 -0.0558348231167184 0.97894142566507 -0.125723065077421 -0.150830595543159
464845.094403226 5272292.71026614 506.009035454451 -0.0559166616692997 0.978505046891623 -0.130615217438432 -0.149468609175623
464845.253887887 5272293.28497477 506.010038231832 -0.0563245049203788 0.978649401236244 -0.134451580291231 -0.144898834234809
464845.509769431 5272294.18476383 506.011086859034 -0.0544733956216038 0.978639045855831 -0.139433457387325 -0.140913370752595
464845.723926195 5272294.91997683 506.010466501378 -0.053932131882735 0.978528040836612 -0.143937638572075 -0.137317714259084
464845.89342746 5272295.49151064 506.008850388848 -0.0545093646239124 0.97827016422309 -0.148240435597714 -0.134316745839921
464846.164298382 5272296.38657194 506.004575827495 -0.0545646676806829 0.977541714907089 -0.153790337154753 -0.133354508192378
464846.390715099 5272297.11786112 505.999250509538 -0.0559126036883017 0.976498515558683 -0.158826570927874 -0.134530852326806
464846.621571203 5272297.84753045 505.992800831236 -0.0573602368315265 0.975379465858715 -0.163840688906211 -0.13601812184609
464846.810520169 5272298.43248994 505.987596257572 -0.059521873669956 0.974361794175702 -0.167978437386104 -0.137329840817091
464847.097525293 5272299.30113133 505.979642116909 -0.0604784916336762 0.973339279373792 -0.172634018722397 -0.138385313012535
464847.34225574 5272300.02519649 505.971716655816 -0.0618167315696126 0.972635094281496 -0.176391566768577 -0.138006087702687
464847.591598541 5272300.74731964 505.963161699791 -0.0636666947102764 0.972053484776104 -0.180125332180763 -0.136431079399349
464847.845833039 5272301.4674792 505.954688351496 -0.0655727625864204 0.971191061218133 -0.183611695907791 -0.137021460153681
464848.104808418 5272302.18562778 505.945990071991 -0.0669744159795032 0.970098551788202 -0.187259302064407 -0.139130087375046
464848.368530546 5272302.9017593 505.937536159721 -0.0683868610328163 0.969018820387544 -0.190899658357935 -0.14100738779098
464848.637405436 5272303.61564791 505.930169202134 -0.0696504629495269 0.967995879753726 -0.194758372432471 -0.142133620787556
464848.91142436 5272304.32710105 505.923614976301 -0.0701969289480631 0.967095808912896 -0.198530405030887 -0.142771726289362
464849.190491572 5272305.03611512 505.917410233448 -0.0710925120732086 0.966063713086312 -0.202416442405725 -0.143855277375627
464849.474730191 5272305.74260516 505.912308573265 -0.0719184660477815 0.965096607559823 -0.206357547352364 -0.144335840900911
464849.764275495 5272306.44655949 505.908896986503 -0.0722039750981629 0.964184168588629 -0.21026197552402 -0.144656063377292
464850.059010853 5272307.14797453 505.906833460098 -0.072183656396176 0.963430677915631 -0.214396374453625 -0.143614216641139
464850.291794552 5272307.69221173 505.905564745538 -0.0730905836458754 0.962720215649807 -0.218000962068721 -0.142489064487794
464850.662957488 5272308.54333478 505.903404482927 -0.0726196707384857 0.961798779254735 -0.222870548413531 -0.141415028535819
464850.971960194 5272309.23724821 505.901724787555 -0.0729981757314895 0.960974045297398 -0.227141563712569 -0.140024500137789
464851.285742546 5272309.92851991 505.900200431721 -0.0740700623791391 0.959882592464607 -0.231761537048473 -0.139375838966101
464851.533192332 5272310.46494613 505.898844100404 -0.0755478030883673 0.959018906082167 -0.235767791207173 -0.137799912390308
464851.926671928 5272311.30352817 505.89486886437 -0.0753958050477593 0.957955870117032 -0.240615613363944 -0.136894667883788
464852.253794677 5272311.98730356 505.890188048952 -0.0765741364985736 0.956868543535973 -0.244899089471242 -0.136247671492034
464852.585327645 5272312.66840435 505.884664467728 -0.0777066527886619 0.955975355548956 -0.248938817468252 -0.134544642602143
464852.846388657 5272313.19680323 505.879381332016 -0.0797607031149518 0.95511425127878 -0.252328249161685 -0.133136966758983
464853.261436247 5272314.02283572 505.869420977711 -0.0807965676795845 0.954123799537341 -0.256144666912599 -0.13232384297571
464853.606028555 5272314.69611165 505.860290870859 -0.0822018965074394 0.953200670846212 -0.259554699233838 -0.131463635331385
464853.955031902 5272315.3666115 505.850930534171 -0.0831814444702619 0.952351040182893 -0.263078075505526 -0.129993345009323
464854.308525741 5272316.03436715 505.841527352086 -0.0840529805986715 0.951479623524753 -0.266590737379755 -0.128650694568639
464854.586753067 5272316.55222139 505.833954882727 -0.0849964887548353 0.950594950868851 -0.269657055630736 -0.128179205140918
464855.028641178 5272317.36176538 505.821379148288 -0.083959373694544 0.949544274647552 -0.273385834204334 -0.128750455180848
464855.394834392 5272318.02160228 505.810068153063 -0.0832412649646664 0.948454138396299 -0.276929086401558 -0.129676213203559
464855.719819611 5272318.59908477 505.799051641665 -0.0826254086585672 0.947314253720229 -0.280367885805274 -0.131006088223298
464856.139419059 5272319.33415387 505.783050410372 -0.0811276798824467 0.946100537800797 -0.284344544844214 -0.132137245874399
464856.51746733 5272319.98717162 505.766079367277 -0.0804233840237475 0.945011667520794 -0.287967787617224 -0.132512568636257
464856.899390904 5272320.63806121 505.746640614425 -0.0799443128641729 0.944067284810342 -0.29180901252966 -0.131123486828135
464857.285576103 5272321.28656481 505.726416274415 -0.0802270090085574 0.943161443079076 -0.29574675316346 -0.128623393314778
464857.628442795 5272321.85406719 505.70844663303 -0.0808809609214864 0.94217168722776 -0.299599419984591 -0.126534459700551
464858.071242836 5272322.57598538 505.685893732065 -0.0806989175510923 0.941066096662146 -0.303697680953145 -0.125099980027327
464858.470749839 5272323.21655107 505.667212880564 -0.0806733617391776 0.939855202929112 -0.307768150810927 -0.124268948572041
464858.874528603 5272323.85452059 505.649393569596 -0.0799712911832497 0.938762572708854 -0.31185655963503 -0.122779928653425
464859.191483401 5272324.349301 505.63501288718 -0.0788662399579551 0.937923626158039 -0.315280646726671 -0.121150738706217
464859.693762082 5272325.12314197 505.611416051481 -0.0770713152495649 0.936776520928261 -0.319833587988428 -0.119231867374854
464860.10911609 5272325.75377903 505.591123869688 -0.0765278963968577 0.935669490485757 -0.323984919570256 -0.117046390539182
464860.528284944 5272326.38194912 505.569954395383 -0.0768201914333161 0.93430429419176 -0.328035243188965 -0.116477565517754
464860.920960541 5272326.96248056 505.550356893488 -0.0781295458222365 0.932703375594427 -0.331929633325201 -0.117400620717993
464861.378990613 5272327.62963029 505.528526720687 -0.0802565559031794 0.930739688741146 -0.335769134607818 -0.12058857856908
464861.810718806 5272328.24873723 505.508895230828 -0.0827440717689922 0.92858851392271 -0.339292502800947 -0.125528434790569
464862.246550216 5272328.86468898 505.489501934373 -0.0850179347105517 0.926552835262277 -0.342395162167631 -0.130527189386698
464862.588687204 5272329.3417995 505.474753693414 -0.0873327308111694 0.924886169894815 -0.344988479929685 -0.133945942761138
464863.130957922 5272330.08673746 505.452384015666 -0.0880345692518707 0.92314462358227 -0.348155203136722 -0.137265702550252
464863.57977496 5272330.69254541 505.435278674348 -0.0886615046385301 0.921606828256886 -0.351430240871217 -0.138840835155634
464864.033063152 5272331.29468858 505.420147842867 -0.0890894458475042 0.920255610641961 -0.355082550656471 -0.13823553790495
464864.38908456 5272331.76064361 505.410245587877 -0.0896452379872749 0.919160072354713 -0.358585555238726 -0.136106180128668
464864.953567996 5272332.4873582 505.397657470965 -0.0888623504625249 0.917388209615661 -0.363691844147239 -0.135020731849695
464865.42031881 5272333.0779289 505.389220715004 -0.088858211126805 0.915548853042286 -0.368515427966597 -0.134428030406216
464865.739233454 5272333.47628774 505.384138397214 -0.0902538773134725 0.913695379147911 -0.372227096232841 -0.135874871053141
464866.367413047 5272334.24706828 505.37824440183 -0.0914927069693942 0.910330495296928 -0.378587678009705 -0.139995871235842
464866.848616733 5272334.82492322 505.378920568098 -0.0910946876448979 0.908181915962029 -0.383277814668595 -0.141440737361215
464867.334873274 5272335.39832913 505.383071893668 -0.0889012305207451 0.906648519547715 -0.387859133686978 -0.140179619165627
464867.825854203 5272335.96767908 505.389677541215 -0.0859328182884236 0.905646617381687 -0.392084652893099 -0.136709107713477
464868.210830746 5272336.40775571 505.395935711804 -0.084477837621539 0.904767240049104 -0.395784672019071 -0.132718610900925
464868.820232581 5272337.09472279 505.406141994536 -0.0823974869244868 0.903646319449435 -0.400604890712312 -0.127081489727637
464869.322545049 5272337.65312175 505.414095056064 -0.0828375607928407 0.902527060187648 -0.404832186934357 -0.121217756838177
464869.828314719 5272338.20803065 505.422718083117 -0.085048978103099 0.901104560534823 -0.40927251449547 -0.115209596759636
464870.300675771 5272338.71969548 505.432494176516 -0.0874390068241201 0.899648516539296 -0.413273099792282 -0.11041880167043
464870.849923965 5272339.30660043 505.446552001539 -0.0886614169190433 0.897865812735304 -0.417703257846662 -0.107238630424702
464871.365702109 5272339.85034941 505.462043917407 -0.0883894920998713 0.896287527766951 -0.421586937934269 -0.105453397379796
464871.884555455 5272340.39054355 505.479037854749 -0.0865923984410966 0.894805633518134 -0.425375282307838 -0.104309654193446
464872.342544716 5272340.86204127 505.494407190102 -0.0843976812762716 0.893587336233996 -0.428759087657784 -0.102685678983418
464872.931074709 5272341.46097888 505.514868572118 -0.0825433582812362 0.892104452867269 -0.432526820017869 -0.101275807295114
464873.458776096 5272341.99124238 505.534688496667 -0.0821574332260549 0.890500505274204 -0.436234434795152 -0.0997924053775998
464873.989296913 5272342.51837483 505.555700069659 -0.0821569841069705 0.888809169300682 -0.439966481763855 -0.0984783501781685
464874.403955349 5272342.92634535 505.572669109469 -0.0825460091768308 0.887306692857747 -0.443229075954176 -0.0970617092762815
464875.058270832 5272343.56353783 505.600066239183 -0.0818720468122962 0.885307416015346 -0.447511889598567 -0.0962333402045103
464875.596219498 5272344.08186327 505.62227990212 -0.0816773826520233 0.883503789187171 -0.45153196978692 -0.0941739874666478
464876.136072602 5272344.59757715 505.643181352197 -0.0818960181936654 0.88157526475898 -0.455672246943679 -0.0920917918951344
464876.557413775 5272344.99688001 505.658746420212 -0.0834418469766594 0.879663379745992 -0.459266061811066 -0.0911289250212922
464877.221916748 5272345.62050212 505.683620816006 -0.0845310044419529 0.877033012019622 -0.463934789097859 -0.0918265570548573
464877.768228539 5272346.12710031 505.705968461546 -0.0863337850272705 0.874595082783257 -0.468019863260105 -0.0926678279027044
464878.317123479 5272346.63022565 505.730942021334 -0.0877215682443889 0.872058819431179 -0.472087941099546 -0.0946114040982088
464878.868779823 5272347.12974571 505.758830744793 -0.0884001284217281 0.869514507853662 -0.476061269822132 -0.097445396517047
464879.299925834 5272347.51559414 505.782981992838 -0.0890379121784475 0.867492350142994 -0.479403817318822 -0.0984949368162076
464879.980631639 5272348.11699646 505.824407463208 -0.0867262372303999 0.865434287553863 -0.483574200246422 -0.0982753608898353
464880.540445274 5272348.6048431 505.859892409248 -0.0846571710608316 0.863764843785801 -0.487113755018452 -0.0972812813417471
464881.10245393 5272349.08921848 505.894951942134 -0.0822342619372489 0.862216779067649 -0.4907312129149 -0.0948821834114105
464881.597602587 5272349.51142578 505.925458672335 -0.0828680236231817 0.860562327646827 -0.494066673443891 -0.0919972450019579
464882.23338526 5272350.04678733 505.964945390932 -0.084704848448237 0.85838741466274 -0.497791749278189 -0.0905511421713674
464882.802502991 5272350.51963346 506.001276972516 -0.0871149353401227 0.856621873668 -0.50052009104337 -0.0899421595034716
464883.373943728 5272350.98819186 506.040198474465 -0.0885635891440585 0.855065909847793 -0.503309465518063 -0.0877403123655793
464883.820024562 5272351.34971096 506.073138236185 -0.0887814433011604 0.85417927410466 -0.505184420537947 -0.0853482528300295
464884.523885767 5272351.91254401 506.129552383549 -0.0867682923646942 0.85303975243602 -0.507692145583097 -0.0839233550165839
464885.102171359 5272352.36869429 506.178891726364 -0.0854873762274496 0.851922990737507 -0.509699955826576 -0.0844101971860891
464885.682669531 5272352.8207394 506.23149798611 -0.0852922617067713 0.850323431094283 -0.512058833941188 -0.0864351965797565
464886.265152529 5272353.2688487 506.286997016111 -0.0854265769875807 0.84862124338809 -0.514660648097689 -0.0875711283146631
464886.719560562 5272353.61491676 506.331363992409 -0.0861480935244026 0.847217732578434 -0.516898087031627 -0.0872753528197554
464887.435559455 5272354.15423605 506.401583970657 -0.0857228705437713 0.845255165902867 -0.52026347552354 -0.0867249100110184
464888.023163165 5272354.59166784 506.458883317234 -0.0868434550202416 0.843387940822787 -0.523222520508696 -0.0859836590717931
464888.612412102 5272355.02531736 506.516304287201 -0.0891962722192936 0.841043454057425 -0.526560654380154 -0.0861615382179457
464889.160446672 5272355.42423195 506.57025749072 -0.0913371789210811 0.839118328526244 -0.529273274501924 -0.0860682948365574
464889.795278497 5272355.88132784 506.632290631383 -0.0920802959405521 0.837173133723326 -0.532247266711382 -0.085879044880749
464890.388653597 5272356.30382121 506.689063417057 -0.0930721381778103 0.83521960789584 -0.535111070697085 -0.0860344448389689
464890.983361209 5272356.72259176 506.744725196146 -0.0929148900804585 0.833254156622107 -0.538242847620842 -0.085726137544647
464891.579106731 5272357.1374275 506.799014202532 -0.0925023858874859 0.83149132462648 -0.541246286258918 -0.0843679043650719
464892.176022659 5272357.54874586 506.849639380896 -0.0915500080201578 0.830103576251923 -0.543995198177886 -0.0813380174621973
464892.773870439 5272357.95688752 506.894304773991 -0.0911557206390913 0.828786396988832 -0.546460056521542 -0.0786457207196378
464893.372617054 5272358.36185258 506.934394066678 -0.090762013052057 0.82754233460816 -0.549064755699565 -0.0739177615096096
464893.928801894 5272358.73467069 506.968135092911 -0.0913904899229404 0.826787472054418 -0.55070678021573 -0.0692264156946789
464894.572830845 5272359.16154328 507.004439848797 -0.0937413792061674 0.825402881343297 -0.552720432543614 -0.0665038400658843
464895.174484304 5272359.55528966 507.038678292242 -0.0968831524549662 0.824349923772196 -0.553770988119802 -0.0663215701260276
464895.777180598 5272359.94436527 507.075501996388 -0.0983224513452572 0.82338655758626 -0.554839090934385 -0.067237307492295
464896.24588895 5272360.24318263 507.106192395618 -0.0985397938658541 0.822798871742829 -0.555513594359686 -0.0685315413892432
464896.986061252 5272360.70834903 507.158141388487 -0.096217576115668 0.822223690910528 -0.556371463949218 -0.0717019822243276
464897.59230224 5272361.08350465 507.20341057292 -0.0945023301463526 0.821559219593072 -0.557190560440104 -0.0751560886088091
464898.199784879 5272361.45441669 507.250377481375 -0.0936242727181307 0.820718769666774 -0.558084735830646 -0.0787186401527373
464898.672257277 5272361.73940914 507.287555374653 -0.0951588417396393 0.819562456077651 -0.559007745509742 -0.0822952968695903
464899.418610433 5272362.18360836 507.346376016774 -0.0969534851715527 0.81781888578034 -0.560492478338495 -0.0872953234719082
464900.029993546 5272362.54193675 507.395016565173 -0.0984186570073664 0.816261231685109 -0.562215391441105 -0.0891359816656564
464900.64281171 5272362.89573801 507.444464745307 -0.0994406439954072 0.814639475647256 -0.564410714654341 -0.0889641962944589
464901.21172957 5272363.21949563 507.490093572278 -0.0983270976177995 0.813453771341091 -0.566592079974147 -0.0871674175112783
464901.872915444 5272363.59002743 507.542267054782 -0.0962413565676274 0.812241291858678 -0.569036052763957 -0.0848507851500741
464902.490179419 5272363.93037737 507.589771260659 -0.0953524514051843 0.811087600124362 -0.570803446323527 -0.0850190602201078
464903.063557548 5272364.24073566 507.635404890164 -0.0978834006800566 0.809238019209746 -0.572145228839822 -0.090567683268495
464903.730490224 5272364.59366888 507.694251238605 -0.101867434990941 0.80702471950244 -0.573163441511521 -0.0990847975980332
464904.354581895 5272364.91494527 507.757234932483 -0.105325974747995 0.805244232681728 -0.573391213751392 -0.108215898873064
464904.981860681 5272365.22799679 507.830044080653 -0.106175889182919 0.80392191389327 -0.574101348353101 -0.113330837540138
464905.486868241 5272365.4734649 507.893813179081 -0.103987599096889 0.80410218939048 -0.573760777068294 -0.11577918184841
464906.246272903 5272365.83132201 507.997086253361 -0.101253019566566 0.804127554999184 -0.574019286149088 -0.116741425589111
464906.882685627 5272366.12263628 508.087660290442 -0.0990648430517868 0.804474231522151 -0.574212318335349 -0.11527177087177
